ID        CUDA   N  Model         PCIE  cpu_ghz  vCPUs    RAM  Disk  $/hr    DLP    DLP/$   score  NV Driver   Net_up  Net_down  R      Max_Days  mach_id  status    host_id  ports  country             
16005684  12.6  1x  RTX_4090      24.2  3.7      32.0    64.5  210   0.4014  98.5   245.30  298.6  560.35.03   6986.6  7708.7    99.6   108.1     31087    verified  109053   124    Finland,_FI         
12691022  12.6  1x  RTX_4090      25.0  2.2      21.3    85.9  911   0.3816  98.4   257.85  290.4  560.35.03   5316.8  6460.3    99.8   38.3      28249    verified  79986    116    Texas,_US           
13671748  12.5  1x  RTX_4090      12.6  -        31.0    60.0  698   0.2947  98.4   333.86  269.4  555.58.02   847.9   762.4     99.6   17.1      26872    verified  90170    99     St.-Petersburg,_RU  
13499582  12.4  1x  RTX_4090      25.2  3.2      8.0     64.5  168   0.4014  96.2   239.60  266.4  550.78      2755.0  3016.4    99.9   107.8     13280    verified  3497     124    Czechia,_CZ         
12239076  12.4  1x  RTX_4090      16.0  3.7      32.0   129.0  1291  0.4808  106.8  222.11  254.1  550.90.07   6191.5  7443.9    99.9   78.1      26385    verified  34742    12     Utah,_US            
13109409  12.6  1x  RTX_3090      12.7  3.6      8.0     48.3  293   0.2081  44.6   214.35  238.3  560.35.03   4252.5  6271.5    99.9   47.0      12131    verified  73118    124    Spain,_ES           
12941354  12.2  1x  RTX_A4000     11.7  3.7      7.2     19.3  258   0.0947  21.2   223.77  235.1  535.161.07  7789.3  8257.2    99.5   19.8      20245    verified  73542    1999   Pennsylvania,_US    
16794398  12.4  1x  RTX_4090      21.1  2.2      24.0    64.5  178   0.2961  96.7   326.62  235.0  550.142     587.5   860.6     98.6   46.9      10237    verified  1801     12     New_Taipei,_TW      
17560998  12.4  1x  RTX_4090      19.3  3.4      32.0    64.5  1200  0.3881  97.0   250.07  230.4  550.144.03  877.2   1940.2    99.4   47.6      20828    verified  120149   124    Romania,_RO         
11827652  12.2  1x  RTX_4090      12.8  2.2      16.0    64.5  366   0.3756  96.9   257.92  219.8  535.183.06  677.9   712.4     99.8   291.4     25584    verified  51525    29     New_Jersey,_US      
14210815  12.4  1x  RTX_4090      22.3  2.2      28.4    57.3  622   0.3094  95.0   307.05  213.4  550.142     301.3   865.1     99.4   16.0      14922    verified  1801     10     Taiwan,_TW          
8565061   12.2  1x  RTX_4090      25.4  3.5      12.8   103.1  232   0.4010  96.9   241.54  213.1  535.54.03   757.4   816.3     100.0  8406.6    14626    verified  1647     100    Iceland,_IS         
17752918  12.6  1x  RTX_4090      24.1  3.7      25.6   103.1  1299  0.4676  98.7   211.16  212.6  560.35.03   2168.2  2194.8    99.6   73.0      12850    verified  84979    199    Quebec,_CA          
9021758   12.2  1x  RTX_4090      25.4  4.4      12.8   103.1  156   0.4010  96.9   241.57  212.3  535.113.01  1479.9  749.3     100.0  8406.6    18375    verified  1647     199    Iceland,_IS         
15532916  12.4  1x  RTX_4090      12.3  2.0      23.3    46.9  461   0.5223  96.7   185.07  211.6  550.76      4629.7  4967.3    99.7   76.8      26492    verified  110667   108    Norway,_NO          
10334379  12.2  1x  RTX_3090      24.3  3.2      8.0     64.5  348   0.2375  44.3   186.67  199.5  535.146.02  2687.6  3424.3    99.9   138.3     12841    verified  3497     124    Czechia,_CZ         
12128644  12.4  1x  RTX_4090      25.5  2.7      25.6   103.1  262   0.4681  96.9   206.98  196.6  550.107.02  2213.7  803.1     99.9   16.3      27112    verified  1647     199    Iceland,_IS         
13197644  12.4  1x  RTX_3090      12.8  4.0      10.7    42.9  206   0.2150  45.3   210.71  195.6  550.90.07   956.6   1904.2    99.8   31.7      29165    verified  154204   166    ,_US                
12231522  12.2  1x  RTX_4090      12.8  2.2      10.7    43.0  236   0.4347  96.9   222.79  192.9  535.183.01  873.4   825.7     99.9   28.7      26382    verified  150781   19     New_Jersey,_US      
13426974  12.4  1x  RTX_4090      12.8  2.0      28.4    57.3  450   0.5223  99.4   190.24  191.6  550.76      3048.2  3994.6    99.4   76.8      28274    verified  110667   111    United_Kingdom,_GB  
11435825  12.2  1x  RTX_3090      12.8  2.5      8.0     32.2  300   0.2023  44.4   219.24  188.2  535.161.08  724.2   760.2     99.9   261.4     22755    verified  51525    19     New_York,_US        
13430355  12.4  1x  RTX_4090      21.0  3.5      64.0   128.9  1538  0.4009  96.8   241.34  186.3  550.127.05  516.4   492.0     99.8   109.1     26628    verified  85684    249    Norway,_NO          
17767771  12.4  1x  RTX_4090      25.0  3.5      32.0   128.9  1404  0.4787  96.9   202.42  183.2  550.107.02  1042.1  4149.0    99.1   47.0      8176     verified  53856    124    Japan,_JP           
13222584  12.4  1x  RTX_4090      12.4  2.2      32.0   128.9  797   0.4694  96.9   206.33  181.9  550.54.14   892.8   889.2     99.5   16.2      29211    verified  11970    4095   ,_RU                
7720437   12.2  1x  RTX_4090      25.4  3.5      12.8   103.1  53    0.4410  82.2   186.46  178.0  535.154.05  3210.6  924.5     99.9   15.8      16300    verified  1647     199    Iceland,_IS         
11114934  12.2  1x  RTX_3090      12.8  2.9      8.0     64.5  314   0.2023  44.4   219.23  177.1  535.161.08  592.6   758.5     99.8   261.2     22752    verified  51525    19     New_York,_US        
11655163  12.4  1x  RTX_3090      22.6  2.4      16.0    64.4  367   0.2147  45.8   213.29  170.4  550.90.07   564.6   555.5     99.8   109.2     15357    verified  85684    249    Norway,_NO          
11896630  12.4  1x  RTX_4070S_Ti  19.2  2.3      12.0    16.1  726   0.2019  50.9   251.83  169.9  550.90.07   542.0   515.0     99.9   138.0     26521    verified  102965   124    Sweden,_SE          
16805999  12.6  1x  RTX_3090      12.5  2.0      32.0    64.4  525   0.2139  43.5   203.35  168.5  560.35.03   326.4   1773.8    99.7   30.9      10384    verified  22965    199    Washington,_US      
12788248  12.6  1x  RTX_3090      18.9  2.4      10.7    32.2  873   0.2476  43.9   177.34  164.2  560.35.03   1033.1  1135.2    99.9   46.8      27935    verified  54814    2730   Czechia,_CZ         
17390758  12.4  1x  RTX_3090      25.0  2.5      16.0    32.2  838   0.1974  42.6   216.06  162.2  550.127.08  618.2   760.0     98.6   47.8      14212    verified  78651    99     Utah,_US            
11137558  12.4  1x  RTX_4090      12.7  2.8      8.0     32.2  243   0.5081  96.9   190.63  159.8  550.54.15   870.1   870.9     99.8   19.2      24528    verified  134693   124    Hong_Kong,_HK       
13884698  12.6  1x  RTX_3090      25.5  7.8      16.0    64.2  685   0.2132  44.6   209.34  158.2  560.35.03   408.9   823.3     99.1   3.8       14653    verified  78432    249    British_Columbia,_CA
14038453  12.7  1x  RTX_4090      25.0  3.5      16.0    64.4  350   0.4685  91.5   195.22  154.3  565.57.01   827.5   650.8     99.8   7.5       29846    verified  1276     24     Norway,_NO          
13369242  12.6  1x  RTX_3090      22.6  2.4      10.7    42.9  1070  0.2347  43.7   186.09  154.0  560.35.03   597.1   436.1     99.8   46.8      28677    verified  54814    2730   Czechia,_CZ         
12399631  12.4  1x  RTX_3090      24.8  2.4      10.7    42.9  246   0.1996  44.4   222.18  152.6  550.76      324.9   359.1     99.4   169.0     24040    verified  135723   99     Czechia,_CZ         
17703593  12.6  1x  RTX_3090      25.5  3.0      32.0    96.7  713   0.2481  44.1   177.66  149.2  560.35.03   605.9   3066.2    99.6   47.0      8296     verified  53856    249    Japan,_JP           
14372104  12.4  1x  RTX_4090      12.8  2.2      21.3    43.0  502   0.5223  96.8   185.27  146.9  550.100     821.3   749.6     99.5   76.8      25816    verified  110667   99     Norway,_NO          
17705448  12.4  1x  RTX_4090      25.5  3.5      128.0  515.8  3052  0.6414  96.8   150.94  145.4  550.120     1039.5  3390.5    99.7   27.0      7908     verified  53856    998    Japan,_JP           
13421402  12.2  1x  RTX_4090      16.0  3.7      14.2    57.3  715   0.6014  96.8   160.91  142.6  535.183.01  863.7   897.2     99.9   16.1      29136    verified  135930   99     Bulgaria,_BG        
13359187  12.7  1x  RTX_4090      25.5  5.4      16.0    32.1  775   0.4685  75.5   161.12  133.8  565.57.01   870.2   805.0     99.8   7.5       3752     verified  1276     24     Norway,_NO          
12020937  12.7  1x  RTX_4090      25.0  3.5      9.1     36.8  211   0.4685  75.5   161.14  127.2  565.57.01   722.0   847.9     99.6   7.5       4591     verified  1276     14     Norway,_NO          
10080218  12.7  1x  RTX_4090      22.4  7.0      18.3    27.6  438   0.4685  75.4   161.01  126.9  565.57.01   865.2   877.2     99.6   7.5       10914    verified  1276     14     Viken,_NO           
13185444  12.4  1x  RTX_A5000     24.9  3.5      7.1     57.3  541   0.2321  34.9   150.45  125.7  550.120     767.8   857.6     99.3   16.0      29126    verified  1647     110    Romania,_RO         
8192491   12.0  1x  RTX_3090      12.8  2.2      42.7   172.0  2483  0.4010  44.4   110.61  124.0  525.147.05  4041.7  3533.6    99.7   47.1      17736    verified  90862    166    Australia,_AU       
14182772  12.6  1x  Tesla_V100    4.5   3.7      20.0    96.4  289   0.1481  20.2   136.26  95.9   560.35.03   849.3   745.5     99.2   138.6     30924    verified  150140   99     Alberta,_CA         
14200323  12.6  1x  RTX_4060_Ti   12.8  2.6      8.0     43.0  495   0.1849  22.7   122.96  92.7   560.35.03   878.5   881.1     99.6   668.3     28371    verified  62819    41     Germany,_DE         
13556778  12.2  1x  A10           12.3  3.7      16.0    64.4  323   0.2681  29.2   109.04  91.6   535.183.06  856.5   832.0     99.9   215.2     26600    verified  32241    249    Minnesota,_US       
17614815  12.7  1x  RTX_4090      25.5  5.4      32.0   128.6  1388  0.4685  50.4   107.54  79.3   565.57.01   858.9   780.5     99.1   7.5       29847    verified  1276     49     Norway,_NO          
17234636  12.8  1x  RTX_4090      12.8  2.2      16.0    48.3  836   1.0621  100.0  94.13   75.9   570.86.16   710.4   684.7     99.1   138.7     11966    verified  70084    124    Florida,_US         
11522621  12.7  1x  RTX_3090      24.3  7.0      128.0  257.5  1599  0.9352  43.0   45.95   39.1   565.57.01   850.1   746.5     99.8   7.5       7584     verified  1276     98     Norway,_NO          
17614780  12.7  1x  RTX_4090      25.6  3.7      384.0  370.3  1544  5.3347  98.0   18.38   16.8   565.77      1350.8  1401.5    99.6   46.8      25462    verified  97591    1999   Mississippi,_US     
